hammer 

39

3
4 -54 4
56 -54 4
56 -106 4

3
4 -54 4
56 -106 4
4 -106 4

3
4 -50 0
0 -54 0
4 -54 4

4
4 -54 4
4 -50 0
56 -50 0
56 -54 4

3
56 -50 0
60 -54 0
56 -54 4

4
56 -54 4
60 -54 0
60 -106 0
56 -106 4

3
0 -106 0
4 -110 0
4 -106 4

4
56 -106 4
56 -110 0
4 -110 0
4 -106 4

3
56 -110 0
60 -106 0
56 -106 4

4
4 -106 4
4 -54 4
0 -54 0
0 -106 0

4
4 -50 0
0 -54 0
0 -54 -200
4 -50 -200

4
4 -50 0
56 -50 0
56 -50 -200
4 -50 -200

4
0 -54 0
0 -106 0
0 -106 -200
0 -54 -200

4
0 -106 0
4 -110 0
4 -110 -200
0 -106 -200

4
4 -110 0
56 -110 0
56 -110 -200
4 -110 -200

4
56 -110 0
60 -106 0
60 -106 -200
56 -110 -200

4
60 -106 0
60 -54 0
60 -54 -200
60 -106 -200

4
60 -54 0
56 -50 0
56 -50 -200
60 -54 -200

4
60 -54 -200
60 -78 -296
60 -82 -296
60 -106 -200

4
0 -54 -200
0 -78 -296
0 -82 -296
0 -106 -200

4
56 -50 -200
56 -74 -296
4 -74 -296
4 -50 -200

4
56 -110 -200
56 -86 -296
4 -86 -296
4 -110 -200

4
60 -106 -200
60 -82 -296
56 -86 -296
56 -110 -200

4
0 -106 -200
0 -82 -296
4 -86 -296
4 -110 -200

4
0 -54 -200
0 -78 -296
4 -74 -296
4 -50 -200

4
60 -54 -200
60 -78 -296
56 -74 -296
56 -50 -200

4
56 -86 -296
56 -80 -298
4 -80 -298
4 -86 -296

4
56 -74 -296
56 -80 -298
4 -80 -298
4 -74 -296

5
4 -80 -298
4 -74 -296
0 -78 -296
0 -82 -296
4 -86 -296

5
56 -80 -298
56 -74 -296
60 -78 -296
60 -82 -296
56 -86 -296

4
15 -110 -130
25 -110 -110
25 350 -110
15 350 -130

4
25 -110 -110
35 -110 -110
35 350 -110
25 350 -110

4
35 -110 -110
45 -110 -130
45 350 -130
35 350 -110

4
45 -110 -130
45 -110 -150
45 350 -150
45 350 -130

4
45 -110 -150
35 -110 -170
35 350 -170
45 350 -150

4
35 -110 -170
25 -110 -170
25 350 -170
35 350 -170

4
25 -110 -170
15 -110 -150
15 350 -150
25 350 -170

4
15 -110 -150
15 -110 -130
15 350 -130
15 350 -150

8
15 350 -130
25 350 -110
35 350 -110
45 350 -130
45 350 -150
35 350 -170
25 350 -170
15 350 -150

30 0 -150

2
0 30
20 20 20
30 39
65 42 0