13
4
0 0 0
50 0 0
50 50 0
0 50 0
4
0 0 0
50 0 0
50 0 -150
0 0 -150
4
50 0 0
50 50 0
50 50 -150
50 0 -150
4
50 50 0
0 50 0
0 50 -150
50 50 -150
4
0 0 0
0 50 0
0 50 -150
0 0 -150
3
50 50 -150
50 25 -200
50 0 -150
3
0 50 -150
0 25 -200
0 0 -150
4
0 0 -150
50 0 -150
50 25 -200
0 25 -200
4
0 50 -150
50 50 -150
50 25 -200
0 25 -200
4
10 -10 -100
40 -10 -100
40 250 -100
10 250 -100
4
10 -10 -70
40 -10 -70
40 250 -70
10 250 -70
4 
10 -10 -70
10 -10 -100
10 250 -100
10 250 -70
4
40 -10 -70
40 -10 -100
40 250 -100
40 250 -70