nut

24

4
0 0 0
40 0 0
30 -15 0
10 -15 0

4
40 0 0
30 -15 0
37 -28 0
55 -28 0

4
0 0 0
10 -15 0
3 -28 0
-15 -28 0

4
55 -28 0
37 -28 0
30 -43 0
40 -56 0

4
3 -28 0
-15 -28 0
0 -56 0
10 -43 0

4
0 -56 0
40 -56 0
30 -43 0
10 -43 0


4
0 0 -20
40 0 -20
30 -15 -20
10 -15 -20

4
40 0 -20
30 -15 -20
37 -28 -20
55 -28 -20

4
0 0 -20
10 -15 -20
3 -28 -20
-15 -28 -20

4
55 -28 -20
37 -28 -20
30 -43 -20
40 -56 -20

4
3 -28 -20
-15 -28 -20
0 -56 -20
10 -43 -20

4
0 -56 -20
40 -56 -20
30 -43 -20
10 -43 -20

4
0 0 0
40 0 0
40 0 -20
0 0 -20

4
40 0 0
55 -28 0
55 -28 -20
40 0 -20

4
55 -28 0
55 -28 -20
40 -56 -20
40 -56 0

4
40 -56 0
40 -56 -20
0 -56 -20
0 -56 0

4
0 -56 -20
0 -56 0
-15 -28 0
-15 -28 -20

4
-15 -28 -20
-15 -28 0
0 0 0
0 0 -20




4
10 -15 0
10 -15 -20
30 -15 -20
30 -15 0

4
30 -15 0
37 -28 0
37 -28 -20
30 -15 -20

4
37 -28 0
37 -28 -20
30 -43 -20
30 -43 0

4
30 -43 0
30 -43 -20
10 -43 -20
10 -43 0

4
10 -43 0
10 -43 -20
3 -28 -20
3 -28 0

4
3 -28 0
3 -28 -20
10 -15 -20
10 -15 0